 0.000  1.090  1.775  1.775  2.144  2.885  2.929  2.917  4.289  4.742  4.732  5.081  5.268  5.908  5.937  7.007  7.130  7.996  8.763  8.214  8.085  8.611  8.347  8.201  7.884  8.179  9.215  9.486  9.516  9.569  7.400  7.181  8.255  8.835  9.356  8.323  9.778 10.606  9.605  9.983 10.749 10.231  8.912  8.441  9.487  9.681  9.958  9.988 10.708 11.415 11.477 12.089 11.209 12.059 12.881 13.108 13.556 14.249 13.472 14.104 12.705 12.795 11.970 11.468 10.133 10.855  8.998  8.538  8.546  9.390  7.882  7.737  7.340  8.536  8.805  9.148  8.372  8.426  8.445  7.998  8.329  7.519  7.460  7.389  7.041  6.942  6.845  7.367  6.470  6.523  6.476  6.368  6.698  6.228  6.405  6.149  8.571  8.888  9.419  9.310 10.653 10.828 11.297 11.564 11.828 11.160 10.672 11.262 11.806 12.041 11.771 12.381 12.428 12.985 13.144 12.809 13.706 13.599 13.609 14.146 11.357 12.066 11.345 10.815 12.218 12.706 12.206 11.982 12.138 12.798 12.830 13.533 13.721 13.793 13.760 12.850 12.798 12.987 12.953 12.750 13.417 12.602 12.103 13.249 13.785 13.115 12.871 13.814 13.985 14.107 14.005 12.886 12.900 12.777 12.966 13.628 13.401 14.277 
 1.090  0.000  1.090  1.090  1.518  2.383  2.432  2.534  3.829  4.298  4.291  4.658  4.883  5.503  5.529  6.639  6.777  7.644  8.425  7.869  7.740  8.277  8.011  7.858  7.540  7.840  8.890  9.167  9.195  9.251  7.053  6.836  7.938  8.532  9.051  8.019  9.504 10.339  9.345  9.714 10.481  9.981  8.622  8.161  9.205  9.419  9.669  9.690 10.432 11.154 11.198 11.812 10.925 11.788 12.618 12.846 13.301 13.999 13.219 13.859 12.448 12.544 11.702 11.197  9.861 10.603  8.710  8.230  8.271  9.137  7.588  7.423  7.045  8.257  8.543  8.870  8.093  8.145  8.173  7.738  8.103  7.243  7.160  7.144  6.811  6.680  6.558  7.124  6.208  6.279  6.198  6.118  6.464  5.981  6.180  5.891  8.366  8.716  9.208  9.077 10.465 10.657 11.102 11.363 11.641 10.961 10.471 11.057 11.616 11.851 11.582 12.200 12.248 12.813 12.974 12.634 13.544 13.434 13.444 13.987 11.183 11.901 11.171 10.633 12.057 12.546 12.038 11.802 11.975 12.633 12.672 13.370 13.555 13.630 13.601 12.683 12.631 12.819 12.783 12.608 13.282 12.470 11.965 13.138 13.676 13.011 12.764 13.725 13.902 14.019 13.921 12.773 12.784 12.663 12.853 13.527 13.296 14.187 
 1.775  1.090  0.000  1.776  2.143  2.884  2.929  2.919  4.291  4.739  4.734  5.086  5.276  5.912  5.938  7.013  7.137  8.003  8.769  8.221  8.092  8.618  8.358  8.208  7.892  8.183  9.223  9.493  9.523  9.579  7.405  7.185  8.261  8.843  9.365  8.331  9.786 10.614  9.611  9.989 10.755 10.237  8.916  8.445  9.491  9.683  9.963  9.994 10.713 11.419 11.483 12.096 11.218 12.065 12.885 13.112 13.560 14.251 13.476 14.108 12.712 12.803 11.977 11.477 10.135 10.856  9.000  8.541  8.546  9.390  7.884  7.742  7.340  8.539  8.806  9.152  8.377  8.428  8.453  7.994  8.324  7.515  7.457  7.383  7.032  6.936  6.838  7.361  6.469  6.523  6.476  6.368  6.699  6.226  6.403  6.148  8.566  8.882  9.415  9.307 10.649 10.824 11.296 11.563 11.830 11.159 10.672 11.259 11.809 12.042 11.776 12.384 12.431 12.991 13.151 12.815 13.715 13.605 13.615 14.153 11.353 12.062 11.341 10.811 12.215 12.703 12.204 11.978 12.136 12.797 12.832 13.533 13.717 13.794 13.761 12.849 12.796 12.988 12.950 12.748 13.417 12.600 12.101 13.250 13.787 13.117 12.872 13.818 13.991 14.110 14.010 12.888 12.902 12.780 12.967 13.629 13.400 14.279 
 1.775  1.090  1.776  0.000  2.145  2.894  2.921  2.904  4.283  4.733  4.730  5.073  5.261  5.897  5.925  6.996  7.120  7.983  8.749  8.202  8.071  8.598  8.339  8.187  7.871  8.165  9.198  9.468  9.498  9.553  7.389  7.169  8.245  8.827  9.346  8.317  9.771 10.599  9.599  9.975 10.740 10.226  8.903  8.434  9.477  9.671  9.946  9.976 10.695 11.403 11.464 12.078 11.196 12.044 12.866 13.095 13.540 14.233 13.455 14.087 12.688 12.778 11.954 11.452 10.118 10.840  8.983  8.523  8.529  9.374  7.863  7.718  7.321  8.519  8.791  9.132  8.357  8.407  8.434  7.983  8.316  7.506  7.445  7.382  7.036  6.937  6.837  7.363  6.469  6.527  6.473  6.367  6.697  6.226  6.403  6.147  8.567  8.887  9.413  9.302 10.648 10.827 11.292 11.557 11.826 11.154 10.665 11.252 11.806 12.043 11.774 12.377 12.421 12.983 13.147 12.814 13.710 13.594 13.601 14.142 11.350 12.058 11.337 10.808 12.210 12.697 12.196 11.969 12.127 12.788 12.826 13.522 13.710 13.779 13.751 12.836 12.786 12.973 12.935 12.745 13.415 12.598 12.097 13.251 13.787 13.120 12.876 13.825 13.999 14.119 14.019 12.888 12.900 12.781 12.967 13.630 13.402 14.281 
 2.144  1.518  2.143  2.145  0.000  1.231  1.336  2.011  2.484  2.976  2.960  3.379  3.766  4.241  4.271  5.466  5.656  6.494  7.306  6.746  6.631  7.182  6.906  6.743  6.436  6.751  7.821  8.125  8.141  8.199  5.958  5.772  6.926  7.554  8.049  7.055  8.621  9.460  8.526  8.848  9.604  9.188  7.708  7.301  8.308  8.602  8.727  8.706  9.528 10.295 10.261 10.867  9.968 10.877 11.728 11.959 12.436 13.151 12.367 13.033 11.584 11.703 10.805 10.295  8.997  9.806  7.816  7.268  7.460  8.383  6.733  6.497  6.231  7.428  7.779  8.013  7.268  7.319  7.366  7.022  7.518  6.484  6.294  6.517  6.280  5.995  5.778  6.489  5.561  5.715  5.508  5.510  5.893  5.411  5.683  5.295  7.833  8.308  8.619  8.401  9.938 10.190 10.529 10.762 11.083 10.375  9.888 10.458 11.047 11.286 11.007 11.659 11.715 12.294 12.457 12.101 13.047 12.939 12.952 13.508 10.695 11.441 10.689 10.129 11.610 12.095 11.567 11.289 11.530 12.163 12.218 12.893 13.069 13.150 13.133 12.204 12.155 12.336 12.303 12.227 12.910 12.136 11.620 12.868 13.406 12.772 12.530 13.531 13.722 13.827 13.737 12.512 12.512 12.396 12.588 13.293 13.058 13.984 
 2.885  2.383  2.884  2.894  1.231  0.000  2.256  3.130  2.852  3.201  3.168  3.600  4.003  4.340  4.353  5.494  5.709  6.498  7.280  6.785  6.698  7.211  6.952  6.726  6.440  6.709  7.791  8.103  8.105  8.160  5.916  5.695  6.863  7.521  8.017  7.061  8.561  9.399  8.478  8.750  9.498  9.084  7.601  7.190  8.164  8.430  8.588  8.589  9.365 10.116 10.114 10.712  9.843 10.728 11.559 11.778 12.270 12.975 12.221 12.890 11.458 11.595 10.679 10.187  8.824  9.611  7.666  7.145  7.309  8.220  6.635  6.424  6.141  7.352  7.686  7.930  7.244  7.317  7.362  6.847  7.332  6.307  6.139  6.324  6.085  5.834  5.643  6.311  5.444  5.575  5.423  5.460  5.876  5.398  5.723  5.261  7.626  8.102  8.409  8.198  9.723  9.972 10.325 10.563 10.881 10.184  9.698 10.268 10.876 11.121 10.841 11.505 11.562 12.155 12.323 11.960 12.925 12.815 12.829 13.395 10.477 11.228 10.469  9.909 11.394 11.880 11.353 11.075 11.321 11.951 12.007 12.675 12.848 12.932 12.919 12.004 11.962 12.141 12.104 12.021 12.706 11.939 11.424 12.685 13.225 12.609 12.369 13.377 13.573 13.672 13.590 12.360 12.362 12.250 12.438 13.108 12.869 13.804 
 2.929  2.432  2.929  2.921  1.336  2.256  0.000  1.010  1.470  2.100  2.099  2.509  3.028  3.448  3.509  4.762  4.962  5.778  6.627  5.996  5.869  6.451  6.161  6.066  5.750  6.134  7.162  7.474  7.494  7.551  5.394  5.288  6.420  7.024  7.476  6.510  8.178  9.000  8.133  8.456  9.191  8.860  7.313  6.976  7.946  8.331  8.304  8.221  9.137  9.949  9.808 10.407  9.476 10.433 11.311 11.559 12.028 12.762 11.946 12.622 11.140 11.255 10.346  9.816  8.658  9.527  7.456  6.843  7.177  8.128  6.377  6.077  5.924  7.035  7.449  7.587  6.823  6.849  6.919  6.867  7.458  6.330  6.041  6.487  6.341  5.921  5.611  6.448  5.512  5.759  5.411  5.418  5.772  5.322  5.582  5.226  7.846  8.407  8.566  8.275  9.915 10.217 10.449 10.651 11.007 10.278  9.800 10.349 10.936 11.175 10.890 11.545 11.604 12.171 12.331 11.977 12.915 12.811 12.825 13.374 10.691 11.443 10.688 10.121 11.617 12.092 11.552 11.246 11.534 12.138 12.204 12.861 13.032 13.116 13.103 12.156 12.101 12.278 12.254 12.271 12.953 12.210 11.694 12.973 13.503 12.885 12.649 13.664 13.863 13.962 13.872 12.598 12.590 12.472 12.668 13.427 13.198 14.131 
 2.917  2.534  2.919  2.904  2.011  3.130  1.010  0.000  2.128  2.653  2.665  3.002  3.380  3.902  3.960  5.147  5.303  6.117  6.956  6.284  6.136  6.725  6.433  6.391  6.061  6.473  7.453  7.748  7.781  7.834  5.787  5.700  6.773  7.332  7.775  6.798  8.464  9.272  8.399  8.761  9.492  9.151  7.655  7.317  8.297  8.679  8.651  8.561  9.477 10.283 10.131 10.731  9.789 10.743 11.624 11.881 12.328 13.063 12.228 12.892 11.414 11.510 10.635 10.096  9.003  9.865  7.810  7.206  7.519  8.449  6.702  6.411  6.252  7.318  7.731  7.872  7.062  7.071  7.138  7.220  7.786  6.705  6.433  6.842  6.684  6.278  5.984  6.799  5.840  6.082  5.740  5.693  6.018  5.566  5.776  5.489  8.170  8.703  8.892  8.615 10.220 10.513 10.750 10.953 11.301 10.575 10.099 10.648 11.213 11.448 11.167 11.803 11.859 12.411 12.566 12.222 13.136 13.034 13.047 13.584 10.986 11.728 10.984 10.424 11.898 12.371 11.834 11.535 11.811 12.414 12.479 13.139 13.315 13.394 13.377 12.422 12.362 12.540 12.521 12.534 13.210 12.464 11.954 13.209 13.734 13.108 12.874 13.872 14.066 14.171 14.072 12.815 12.808 12.686 12.882 13.659 13.436 14.353 
 4.289  3.829  4.291  4.283  2.484  2.852  1.470  2.128  0.000  1.090  1.090  1.530  2.401  2.448  2.541  3.850  4.122  4.833  5.703  5.063  4.962  5.535  5.254  5.162  4.866  5.284  6.279  6.616  6.623  6.677  4.609  4.572  5.709  6.326  6.718  5.849  7.571  8.368  7.613  7.869  8.562  8.354  6.707  6.467  7.333  7.809  7.610  7.470  8.460  9.313  9.067  9.646  8.711  9.704 10.594 10.846 11.327 12.073 11.256 11.952 10.445 10.583  9.628  9.098  8.036  8.960  6.834  6.161  6.657  7.633  5.826  5.468  5.445  6.461  6.933  6.956  6.257  6.276  6.383  6.486  7.187  5.951  5.555  6.263  6.226  5.685  5.287  6.230  5.377  5.707  5.248  5.317  5.659  5.284  5.582  5.201  7.658  8.329  8.290  7.910  9.669 10.033 10.145 10.312 10.709  9.969  9.502 10.024 10.633 10.879 10.583 11.252 11.313 11.883 12.045 11.689 12.635 12.529 12.545 13.095 10.460 11.224 10.460  9.886 11.401 11.863 11.314 10.977 11.324 11.885 11.965 12.591 12.751 12.843 12.839 11.891 11.839 12.007 11.987 12.109 12.792 12.093 11.576 12.907 13.431 12.848 12.619 13.660 13.872 13.957 13.878 12.544 12.529 12.415 12.611 13.393 13.165 14.118 
 4.742  4.298  4.739  4.733  2.976  3.201  2.100  2.653  1.090  0.000  1.771  2.129  2.938  2.849  2.794  4.234  4.486  5.070  5.953  5.174  5.018  5.602  5.360  5.347  5.008  5.522  6.382  6.708  6.704  6.758  5.099  5.083  6.211  6.779  7.116  6.283  8.053  8.817  8.105  8.395  9.069  8.902  7.249  7.037  7.864  8.358  8.090  7.919  8.912  9.789  9.461 10.031  9.089 10.064 10.944 11.210 11.643 12.379 11.548 12.219 10.743 10.855  9.959  9.426  8.472  9.384  7.261  6.602  7.048  7.994  6.131  5.785  5.738  6.659  7.133  7.158  6.329  6.289  6.400  6.926  7.597  6.450  6.070  6.776  6.695  6.219  5.833  6.766  5.875  6.197  5.747  5.750  6.072  5.655  5.896  5.571  8.189  8.847  8.838  8.455 10.224 10.589 10.720 10.884 11.286 10.547 10.076 10.595 11.215 11.455 11.172 11.818 11.870 12.438 12.601 12.254 13.178 13.064 13.073 13.619 10.990 11.753 10.964 10.385 11.876 12.340 11.757 11.430 11.747 12.297 12.366 12.995 13.150 13.245 13.239 12.286 12.228 12.392 12.378 12.571 13.251 12.545 12.030 13.341 13.864 13.258 13.025 14.047 14.260 14.332 14.255 12.952 12.939 12.821 13.013 13.824 13.595 14.546 
 4.732  4.291  4.734  4.730  2.960  3.168  2.099  2.665  1.090  1.771  0.000  2.129  2.987  2.803  2.716  4.183  4.569  5.087  5.952  5.363  5.267  5.823  5.571  5.279  4.930  5.368  6.361  6.691  6.701  6.740  4.826  4.645  5.958  6.669  7.054  6.262  7.895  8.701  7.971  8.095  8.756  8.575  6.882  6.635  7.397  7.812  7.652  7.564  8.415  9.262  9.031  9.641  8.681  9.637 10.527 10.793 11.243 11.988 11.157 11.846 10.342 10.466  9.537  9.001  7.903  8.780  6.681  6.073  6.406  7.344  5.545  5.238  5.143  6.148  6.593  6.682  5.931  5.966  6.058  6.227  6.872  5.777  5.456  6.100  6.015  5.635  5.278  6.219  5.360  5.666  5.209  5.407  5.799  5.414  5.771  5.304  7.481  8.140  8.122  7.761  9.495  9.865 10.014 10.195 10.589  9.852  9.385  9.914 10.531 10.771 10.497 11.154 11.217 11.789 11.950 11.592 12.543 12.440 12.459 13.010 10.239 10.996 10.210  9.640 11.117 11.581 11.018 10.698 11.015 11.579 11.654 12.303 12.474 12.551 12.559 11.575 11.513 11.690 11.680 11.807 12.491 11.779 11.265 12.582 13.105 12.515 12.290 13.317 13.527 13.616 13.532 12.214 12.207 12.087 12.279 13.070 12.852 13.792 
 5.081  4.658  5.086  5.073  3.379  3.600  2.509  3.002  1.530  2.129  2.129  0.000  1.231  1.337  2.006  2.488  2.649  3.651  4.447  3.991  4.022  4.526  4.182  4.281  4.185  4.433  5.495  5.869  5.868  5.934  3.327  3.580  4.343  4.859  5.244  4.384  6.140  6.911  6.224  6.530  7.218  7.072  5.455  5.319  6.216  6.837  6.487  6.255  7.483  8.331  8.062  8.575  7.707  8.786  9.684  9.896 10.490 11.249 10.485 11.236  9.685  9.894  8.797  8.294  7.286  8.317  6.186  5.384  6.322  7.359  5.674  5.223  5.446  6.422  6.961  6.773  6.433  6.515  6.663  6.260  7.152  5.578  4.972  6.005  6.213  5.291  4.785  5.755  5.127  5.564  5.030  5.053  5.312  5.128  5.437  5.128  7.352  8.148  7.822  7.335  9.183  9.596  9.498  9.603 10.034  9.300  8.868  9.343  9.931 10.201  9.843 10.554 10.627 11.187 11.349 10.993 11.947 11.843 11.869 12.414 10.065 10.831 10.144  9.579 11.159 11.587 11.110 10.711 11.197 11.704 11.821 12.368 12.506 12.618 12.614 11.737 11.711 11.858 11.823 11.951 12.625 12.017 11.505 12.911 13.419 12.927 12.715 13.806 14.030 14.109 14.051 12.608 12.576 12.479 12.680 13.423 13.193 14.169 
 5.268  4.883  5.276  5.261  3.766  4.003  3.028  3.380  2.401  2.938  2.987  1.231  0.000  2.246  3.119  2.831  2.576  4.097  4.741  4.336  4.401  4.843  4.405  4.976  4.994  5.115  6.196  6.561  6.559  6.629  3.518  3.982  4.228  4.515  5.004  3.887  5.670  6.444  5.612  6.192  6.960  6.651  5.289  5.076  6.268  6.904  6.675  6.420  7.807  8.582  8.433  8.884  8.101  9.230 10.120 10.278 10.977 11.729 11.019 11.791 10.225 10.458  9.303  8.811  7.769  8.828  6.769  5.929  7.036  8.091  6.560  6.109  6.361  7.382  7.899  7.690  7.487  7.591  7.728  6.873  7.780  6.033  5.391  6.303  6.587  5.387  4.892  5.743  5.142  5.564  5.145  4.881  5.069  4.888  5.098  4.951  7.566  8.320  8.025  7.570  9.334  9.688  9.569  9.677 10.070  9.330  8.910  9.371  9.908 10.181  9.786 10.527 10.617 11.138 11.279 10.919 11.866 11.795 11.835 12.353 10.310 11.072 10.469  9.915 11.553 11.970 11.569 11.152 11.693 12.198 12.320 12.837 12.963 13.088 13.071 12.275 12.273 12.403 12.359 12.355 13.019 12.436 11.929 13.337 13.844 13.394 13.179 14.280 14.495 14.588 14.529 13.105 13.074 12.982 13.186 13.808 13.554 14.544 
 5.908  5.503  5.912  5.897  4.241  4.340  3.448  3.902  2.448  2.849  2.803  1.337  2.246  0.000  1.010  1.479  2.079  2.505  3.345  3.112  3.266  3.702  3.451  3.070  3.054  3.273  4.307  4.717  4.708  4.776  2.500  2.798  3.676  4.304  4.533  4.042  5.692  6.400  5.970  6.012  6.577  6.687  4.889  4.962  5.494  6.221  5.571  5.275  6.512  7.422  6.980  7.488  6.605  7.680  8.580  8.815  9.383 10.152  9.385 10.152  8.595  8.838  7.698  7.217  6.357  7.426  5.285  4.443  5.558  6.579  4.896  4.400  4.788  5.601  6.206  5.853  5.681  5.791  5.978  5.742  6.739  5.168  4.455  5.857  6.179  5.300  4.747  5.775  5.356  5.864  5.204  5.449  5.685  5.672  6.051  5.688  7.183  8.104  7.498  6.894  8.856  9.368  9.104  9.146  9.639  8.938  8.533  8.978  9.577  9.860  9.494 10.189 10.249 10.831 11.014 10.671 11.618 11.481 11.498 12.059  9.686 10.440  9.741  9.188 10.720 11.120 10.626 10.201 10.739 11.186 11.327 11.829 11.957 12.072 12.082 11.185 11.155 11.302 11.264 11.559 12.225 11.679 11.179 12.621 13.107 12.654 12.465 13.568 13.808 13.867 13.827 12.290 12.241 12.154 12.356 13.195 12.998 13.960 
 5.937  5.529  5.938  5.925  4.271  4.353  3.509  3.960  2.541  2.794  2.716  2.006  3.119  1.010  0.000  2.147  2.920  2.738  3.624  3.333  3.413  3.874  3.738  2.874  2.667  3.073  4.011  4.409  4.404  4.463  2.999  2.994  4.270  5.024  5.180  4.864  6.407  7.096  6.746  6.609  7.103  7.301  5.400  5.493  5.794  6.457  5.761  5.515  6.529  7.478  6.944  7.505  6.554  7.554  8.448  8.729  9.188  9.952  9.144  9.879  8.354  8.563  7.505  7.011  6.209  7.216  5.066  4.312  5.178  6.151  4.341  3.869  4.213  4.933  5.556  5.231  4.901  4.984  5.190  5.457  6.403  5.060  4.432  5.846  6.084  5.473  4.956  6.021  5.562  6.056  5.353  5.770  6.056  6.018  6.447  5.991  7.206  8.131  7.536  6.932  8.910  9.456  9.230  9.277  9.786  9.097  8.686  9.142  9.765 10.041  9.713 10.368 10.413 11.019 11.218 10.883 11.824 11.658 11.660 12.241  9.646 10.392  9.631  9.078 10.535 10.942 10.385  9.986 10.464 10.906 11.038 11.567 11.706 11.807 11.828 10.865 10.814 10.974 10.947 11.353 12.022 11.454 10.955 12.378 12.862 12.373 12.187 13.271 13.516 13.564 13.524 11.986 11.938 11.847 12.044 12.979 12.804 13.745 
 7.007  6.639  7.013  6.996  5.466  5.494  4.762  5.147  3.850  4.234  4.183  2.488  2.831  1.479  2.147  0.000  1.090  1.555  2.149  2.537  2.959  3.171  2.911  2.598  2.964  2.822  3.833  4.269  4.244  4.320  1.549  2.397  2.518  3.009  3.124  2.923  4.459  5.084  4.880  4.862  5.347  5.647  3.893  4.210  4.584  5.504  4.567  4.116  5.654  6.546  6.039  6.444  5.683  6.818  7.709  7.897  8.583  9.360  8.662  9.486  7.900  8.229  6.943  6.522  5.807  6.959  4.944  4.007  5.581  6.588  5.175  4.653  5.241  5.927  6.549  6.003  6.218  6.397  6.588  5.911  7.033  5.271  4.396  6.065  6.597  5.473  4.873  5.828  5.704  6.265  5.604  5.801  5.928  6.118  6.472  6.214  7.248  8.260  7.355  6.647  8.635  9.197  8.697  8.662  9.184  8.525  8.172  8.558  9.108  9.410  8.990  9.701  9.770 10.326 10.505 10.174 11.102 10.971 10.999 11.542  9.514 10.246  9.640  9.118 10.653 11.006 10.589 10.112 10.780 11.152 11.328 11.737 11.839 11.972 11.983 11.169 11.165 11.288 11.232 11.559 12.198 11.762 11.285 12.763 13.219 12.866 12.702 13.823 14.071 14.121 14.104 12.488 12.423 12.353 12.557 13.361 13.173 14.133 
 7.130  6.777  7.137  7.120  5.656  5.709  4.962  5.303  4.122  4.486  4.569  2.649  2.576  2.079  2.920  1.090  0.000  2.145  2.514  2.678  3.076  3.252  2.826  3.428  3.793  3.690  4.579  4.976  4.951  5.030  2.138  3.189  2.635  2.633  2.795  2.237  4.074  4.668  4.362  4.763  5.331  5.499  4.050  4.324  5.019  5.976  5.118  4.597  6.334  7.160  6.709  7.037  6.355  7.526  8.405  8.557  9.296 10.062  9.380 10.198  8.612  8.921  7.662  7.234  6.639  7.804  5.856  4.906  6.546  7.561  6.191  5.651  6.236  6.964  7.575  7.039  7.220  7.369  7.548  6.781  7.893  6.028  5.147  6.671  7.221  5.890  5.281  6.161  6.008  6.544  5.980  5.905  5.943  6.127  6.355  6.280  7.816  8.777  7.942  7.269  9.185  9.689  9.181  9.147  9.636  8.962  8.613  8.981  9.490  9.789  9.339 10.069 10.151 10.660 10.812 10.481 11.384 11.292 11.332 11.837 10.143 10.870 10.326  9.807 11.387 11.733 11.360 10.866 11.570 11.937 12.113 12.498 12.589 12.732 12.731 11.976 11.986 12.092 12.033 12.296 12.925 12.503 12.027 13.498 13.955 13.620 13.450 14.572 14.812 14.869 14.851 13.265 13.203 13.129 13.340 14.059 13.846 14.820 
 7.996  7.644  8.003  7.983  6.494  6.498  5.778  6.117  4.833  5.070  5.087  3.651  4.097  2.505  2.738  1.555  2.145  0.000  1.090  1.542  2.176  2.174  2.172  1.550  2.171  2.166  2.594  3.087  3.041  3.098  2.576  3.280  3.344  3.624  3.272  3.736  5.076  5.461  5.686  5.505  5.740  6.417  4.692  5.258  5.118  6.143  4.704  4.057  5.596  6.570  5.604  5.937  5.161  6.246  7.103  7.361  7.873  8.642  7.888  8.664  7.161  7.468  6.300  5.915  5.840  6.972  5.097  4.222  5.829  6.719  5.286  4.722  5.469  5.797  6.481  5.731  5.968  6.099  6.312  6.494  7.634  6.089  5.214  7.089  7.622  6.675  6.064  7.054  6.988  7.549  6.841  7.140  7.242  7.461  7.794  7.544  8.239  9.313  8.217  7.421  9.453 10.101  9.439  9.334  9.906  9.280  8.958  9.306  9.813 10.110  9.694 10.344 10.401 10.924 11.102 10.804 11.659 11.518 11.540 12.056 10.228 10.921 10.298  9.801 11.208 11.524 11.055 10.565 11.252 11.526 11.722 12.070 12.162 12.287 12.311 11.455 11.431 11.548 11.498 12.129 12.740 12.371 11.917 13.373 13.794 13.445 13.305 14.389 14.643 14.671 14.667 13.001 12.921 12.851 13.045 14.038 13.888 14.817 
 8.763  8.425  8.769  8.749  7.306  7.280  6.627  6.956  5.703  5.953  5.952  4.447  4.741  3.345  3.624  2.149  2.514  1.090  0.000  2.122  2.776  2.571  2.583  2.138  2.930  2.561  2.801  3.217  3.138  3.223  2.741  3.538  3.135  3.212  2.663  3.502  4.571  4.825  5.287  5.023  5.143  5.979  4.406  5.104  4.826  5.920  4.340  3.586  5.279  6.193  5.211  5.407  4.828  5.909  6.709  6.893  7.540  8.285  7.656  8.476  6.984  7.377  6.085  5.783  5.735  6.874  5.173  4.315  6.069  6.920  5.700  5.168  5.958  6.220  6.866  6.076  6.517  6.678  6.909  6.760  7.930  6.322  5.413  7.324  7.949  6.883  6.266  7.188  7.264  7.836  7.159  7.406  7.451  7.771  8.086  7.897  8.375  9.470  8.252  7.427  9.420 10.072  9.296  9.158  9.723  9.125  8.833  9.142  9.617  9.910  9.492 10.126 10.187 10.686 10.861 10.576 11.406 11.270 11.298 11.795 10.227 10.902 10.344  9.869 11.277 11.568 11.158 10.649 11.393 11.637 11.849 12.150 12.227 12.363 12.386 11.587 11.575 11.687 11.624 12.216 12.806 12.493 12.056 13.513 13.915 13.623 13.495 14.583 14.841 14.862 14.866 13.187 13.102 13.040 13.238 14.176 14.024 14.954 
 8.214  7.869  8.221  8.202  6.746  6.785  5.996  6.284  5.063  5.174  5.363  3.991  4.336  3.112  3.333  2.537  2.678  1.542  2.122  0.000  1.090  1.090  1.090  2.554  2.814  3.353  3.234  3.623  3.573  3.605  3.821  4.569  4.493  4.456  3.997  4.350  5.897  6.166  6.423  6.557  6.795  7.463  5.891  6.434  6.417  7.464  5.981  5.267  6.844  7.825  6.699  6.990  6.194  7.242  8.095  8.402  8.774  9.541  8.683  9.386  7.931  8.129  7.175  6.753  7.100  8.206  6.355  5.509  7.006  7.866  6.294  5.670  6.432  6.693  7.416  6.648  6.608  6.643  6.815  7.701  8.798  7.335  6.494  8.300  8.751  7.842  7.229  8.238  8.022  8.543  7.863  8.059  8.149  8.253  8.491  8.319  9.507 10.552  9.540  8.757 10.792 11.428 10.795 10.683 11.257 10.629 10.301 10.641 11.144 11.452 11.001 11.647 11.697 12.191 12.353 12.068 12.873 12.746 12.762 13.249 11.546 12.234 11.584 11.080 12.455 12.773 12.248 11.757 12.426 12.666 12.853 13.196 13.287 13.405 13.424 12.542 12.506 12.606 12.573 13.361 13.963 13.589 13.137 14.564 14.979 14.590 14.447 15.500 15.743 15.767 15.767 14.120 14.039 13.955 14.150 15.233 15.086 16.005 
 8.085  7.740  8.092  8.071  6.631  6.698  5.869  6.136  4.962  5.018  5.267  4.022  4.401  3.266  3.413  2.959  3.076  2.176  2.776  1.090  0.000  1.769  1.769  2.958  3.070  3.742  3.548  3.901  3.855  3.871  4.248  4.919  4.962  4.943  4.530  4.777  6.366  6.644  6.853  7.027  7.285  7.911  6.338  6.831  6.858  7.869  6.443  5.764  7.271  8.256  7.134  7.438  6.631  7.650  8.493  8.808  9.147  9.902  9.042  9.720  8.295  8.469  7.559  7.127  7.458  8.541  6.672  5.854  7.237  8.090  6.453  5.840  6.553  6.806  7.525  6.796  6.630  6.636  6.790  7.912  8.973  7.572  6.770  8.514  8.905  8.065  7.448  8.500  8.200  8.721  8.030  8.199  8.297  8.348  8.559  8.407  9.754 10.772  9.838  9.079 11.108 11.737 11.160 11.067 11.637 10.989 10.642 11.000 11.516 11.829 11.380 12.008 12.049 12.545 12.711 12.433 13.223 13.086 13.094 13.582 11.840 12.528 11.857 11.348 12.708 13.036 12.491 12.015 12.644 12.907 13.092 13.450 13.546 13.656 13.683 12.768 12.724 12.825 12.800 13.587 14.193 13.784 13.328 14.732 15.156 14.729 14.575 15.618 15.858 15.881 15.879 14.262 14.184 14.102 14.285 15.389 15.238 16.155 
 8.611  8.277  8.618  8.598  7.182  7.211  6.451  6.725  5.535  5.602  5.823  4.526  4.843  3.702  3.874  3.171  3.252  2.174  2.571  1.090  1.769  0.000  1.764  2.955  3.165  3.734  3.419  3.754  3.697  3.729  4.379  5.106  4.983  4.874  4.345  4.782  6.264  6.462  6.799  6.955  7.145  7.873  6.352  6.928  6.844  7.902  6.345  5.602  7.156  8.135  6.912  7.175  6.395  7.401  8.236  8.562  8.870  9.630  8.742  9.409  8.000  8.166  7.296  6.885  7.440  8.522  6.742  5.928  7.401  8.222  6.664  6.025  6.823  7.009  7.742  6.943  6.865  6.873  7.039  8.152  9.240  7.832  7.000  8.824  9.268  8.397  7.803  8.778  8.581  9.088  8.417  8.624  8.719  8.801  9.029  8.855 10.018 11.068 10.024  9.229 11.258 11.911 11.237 11.105 11.689 11.074 10.759 11.083 11.568 11.881 11.419 12.043 12.084 12.569 12.734 12.466 13.238 13.099 13.109 13.588 11.987 12.667 12.008 11.509 12.849 13.160 12.613 12.119 12.791 13.000 13.189 13.512 13.600 13.715 13.732 12.854 12.817 12.911 12.873 13.757 14.347 13.994 13.551 14.964 15.367 14.976 14.842 15.874 16.113 16.136 16.141 14.486 14.394 14.315 14.512 15.654 15.520 16.428 
 8.347  8.011  8.358  8.339  6.906  6.952  6.161  6.433  5.254  5.360  5.571  4.182  4.405  3.451  3.738  2.911  2.826  2.172  2.583  1.090  1.769  1.764  0.000  3.186  3.375  3.960  3.801  4.143  4.101  4.131  4.183  4.986  4.747  4.563  4.102  4.367  5.961  6.197  6.432  6.716  6.973  7.599  6.141  6.667  6.747  7.801  6.350  5.621  7.248  8.203  7.094  7.363  6.584  7.645  8.501  8.801  9.181  9.950  9.080  9.778  8.315  8.489  7.565  7.130  7.551  8.659  6.830  5.981  7.489  8.347  6.795  6.165  6.924  7.202  7.920  7.164  7.098  7.123  7.278  8.148  9.235  7.749  6.910  8.663  9.113  8.145  7.538  8.519  8.274  8.768  8.133  8.261  8.329  8.426  8.625  8.504  9.862 10.889  9.905  9.134 11.145 11.759 11.136 11.022 11.583 10.970 10.647 10.977 11.476 11.779 11.316 11.990 12.052 12.526 12.670 12.375 13.183 13.087 13.113 13.582 11.922 12.608 11.977 11.475 12.861 13.172 12.660 12.165 12.850 13.066 13.244 13.588 13.674 13.798 13.807 12.944 12.910 13.001 12.977 13.775 14.370 14.013 13.563 14.991 15.404 15.030 14.890 15.940 16.183 16.207 16.207 14.564 14.491 14.389 14.594 15.651 15.501 16.417 
 8.201  7.858  8.208  8.187  6.743  6.726  6.066  6.391  5.162  5.347  5.279  4.281  4.976  3.070  2.874  2.598  3.428  1.550  2.138  2.554  2.958  2.955  3.186  0.000  1.090  1.090  1.534  2.163  2.162  2.161  3.238  3.486  4.148  4.711  4.342  4.974  6.071  6.458  6.745  6.240  6.360  7.146  5.286  5.873  5.336  6.262  4.703  4.158  5.261  6.305  5.122  5.574  4.623  5.592  6.445  6.806  7.090  7.852  7.020  7.736  6.309  6.580  5.528  5.133  5.295  6.339  4.532  3.796  5.164  5.941  4.492  3.972  4.752  4.805  5.505  4.677  4.945  5.094  5.323  6.053  7.146  5.902  5.119  7.060  7.535  6.906  6.333  7.359  7.320  7.878  7.116  7.632  7.791  8.010  8.421  8.047  8.185  9.283  8.113  7.295  9.327 10.044  9.354  9.235  9.839  9.231  8.921  9.274  9.763 10.043  9.678 10.274 10.320 10.854 11.046 10.758 11.605 11.438 11.449 11.981  9.959 10.621  9.948  9.476 10.746 11.045 10.522 10.057 10.699 10.927 11.129 11.471 11.573 11.679 11.719 10.798 10.753 10.879 10.839 11.655 12.260 11.901 11.463 12.895 13.300 12.932 12.810 13.866 14.125 14.142 14.141 12.447 12.362 12.299 12.472 13.611 13.504 14.393 
 7.884  7.540  7.892  7.871  6.436  6.440  5.750  6.061  4.866  5.008  4.930  4.185  4.994  3.054  2.667  2.964  3.793  2.171  2.930  2.814  3.070  3.165  3.375  1.090  0.000  1.758  2.139  2.678  2.666  2.628  3.686  3.783  4.711  5.312  5.004  5.487  6.685  7.111  7.294  6.864  7.036  7.741  5.839  6.341  5.868  6.718  5.283  4.821  5.755  6.811  5.643  6.178  5.131  6.008  6.881  7.308  7.443  8.219  7.268  7.931  6.514  6.689  5.809  5.353  5.607  6.586  4.737  4.071  5.163  5.923  4.293  3.744  4.495  4.556  5.312  4.520  4.521  4.636  4.846  6.056  7.083  6.002  5.300  7.163  7.541  7.080  6.556  7.577  7.433  7.952  7.193  7.778  7.987  8.122  8.548  8.114  8.343  9.414  8.340  7.553  9.585 10.304  9.701  9.597 10.211  9.606  9.281  9.639 10.189 10.481 10.121 10.703 10.734 11.296 11.498 11.209 12.061 11.873 11.867 12.421 10.153 10.811 10.089  9.614 10.832 11.140 10.557 10.115 10.702 10.922 11.108 11.483 11.594 11.691 11.734 10.752 10.698 10.814 10.791 11.724 12.334 11.949 11.507 12.925 13.333 12.928 12.809 13.846 14.108 14.116 14.112 12.423 12.333 12.263 12.447 13.651 13.562 14.423 
 8.179  7.840  8.183  8.165  6.751  6.709  6.134  6.473  5.284  5.522  5.368  4.433  5.115  3.273  3.073  2.822  3.690  2.166  2.561  3.353  3.742  3.734  3.960  1.090  1.758  0.000  2.128  2.618  2.666  2.651  3.064  3.127  3.932  4.667  4.393  5.027  5.927  6.367  6.609  5.921  6.028  6.787  4.903  5.480  4.810  5.684  4.167  3.723  4.682  5.724  4.662  5.181  4.220  5.180  6.027  6.366  6.704  7.454  6.684  7.413  6.007  6.332  5.189  4.837  4.684  5.740  3.940  3.211  4.649  5.430  4.150  3.706  4.462  4.551  5.197  4.411  4.905  5.129  5.368  5.527  6.637  5.371  4.593  6.539  7.057  6.440  5.877  6.885  6.942  7.518  6.754  7.320  7.484  7.760  8.209  7.808  7.600  8.705  7.484  6.664  8.672  9.395  8.683  8.572  9.169  8.558  8.254  8.615  9.086  9.363  9.005  9.619  9.676 10.218 10.410 10.108 10.992 10.835 10.857 11.398  9.312  9.974  9.322  8.858 10.142 10.437  9.955  9.495 10.143 10.395 10.603 10.946 11.051 11.158 11.202 10.301 10.261 10.404 10.351 11.056 11.666 11.309 10.872 12.316 12.726 12.376 12.255 13.327 13.586 13.613 13.608 11.910 11.830 11.778 11.933 13.029 12.917 13.817 
 9.215  8.890  9.223  9.198  7.821  7.791  7.162  7.453  6.279  6.382  6.361  5.495  6.196  4.307  4.011  3.833  4.579  2.594  2.801  3.234  3.548  3.419  3.801  1.534  2.139  2.128  0.000  1.090  1.090  1.090  4.378  4.563  5.138  5.611  5.079  5.966  6.885  7.132  7.649  7.007  6.961  7.940  6.169  6.848  6.047  6.965  5.213  4.627  5.531  6.551  5.073  5.422  4.557  5.380  6.154  6.541  6.711  7.428  6.636  7.306  5.988  6.257  5.283  4.939  5.616  6.560  5.029  4.450  5.667  6.280  4.977  4.524  5.313  5.017  5.661  4.780  5.060  5.165  5.396  6.730  7.778  6.737  6.002  7.968  8.438  7.925  7.357  8.384  8.390  8.946  8.178  8.720  8.858  9.103  9.500  9.141  9.024 10.135  8.863  8.018 10.003 10.764  9.973  9.813 10.431  9.858  9.586  9.912 10.313 10.561 10.244 10.761 10.799 11.286 11.473 11.222 11.990 11.813 11.819 12.316 10.547 11.167 10.499 10.061 11.204 11.469 10.932 10.470 11.117 11.266 11.480 11.765 11.859 11.957 12.003 11.087 11.027 11.151 11.121 12.098 12.669 12.366 11.956 13.340 13.712 13.358 13.255 14.267 14.523 14.527 14.539 12.843 12.753 12.690 12.849 14.091 14.011 14.869 
 9.486  9.167  9.493  9.468  8.125  8.103  7.474  7.748  6.616  6.708  6.691  5.869  6.561  4.717  4.409  4.269  4.976  3.087  3.217  3.623  3.901  3.754  4.143  2.163  2.678  2.618  1.090  0.000  1.772  1.770  4.770  4.929  5.482  5.932  5.379  6.299  7.163  7.379  7.936  7.267  7.186  8.194  6.466  7.151  6.306  7.204  5.449  4.873  5.704  6.696  5.189  5.504  4.702  5.446  6.184  6.567  6.713  7.407  6.640  7.289  6.019  6.284  5.346  5.029  5.796  6.698  5.259  4.733  5.879  6.445  5.205  4.774  5.561  5.189  5.807  4.938  5.221  5.313  5.553  6.959  7.984  6.998  6.285  8.228  8.693  8.210  7.642  8.671  8.688  9.246  8.475  9.020  9.151  9.403  9.794  9.443  9.257 10.362  9.078  8.237 10.192 10.956 10.147  9.979 10.594 10.036  9.777 10.095 10.464 10.698 10.399 10.895 10.935 11.402 11.585 11.343 12.090 11.915 11.924 12.406 10.713 11.318 10.662 10.237 11.345 11.596 11.069 10.613 11.262 11.384 11.596 11.869 11.964 12.057 12.097 11.199 11.143 11.258 11.230 12.235 12.796 12.507 12.106 13.477 13.841 13.495 13.398 14.398 14.652 14.657 14.669 12.977 12.889 12.827 12.978 14.232 14.156 15.007 
 9.516  9.195  9.523  9.498  8.141  8.105  7.494  7.781  6.623  6.704  6.701  5.868  6.559  4.708  4.404  4.244  4.951  3.041  3.138  3.573  3.855  3.697  4.101  2.162  2.666  2.666  1.090  1.772  0.000  1.773  4.748  4.920  5.455  5.897  5.339  6.266  7.130  7.342  7.908  7.241  7.159  8.171  6.445  7.134  6.294  7.201  5.436  4.852  5.704  6.698  5.190  5.506  4.697  5.454  6.203  6.589  6.742  7.447  6.665  7.324  6.032  6.297  5.351  5.028  5.808  6.717  5.274  4.739  5.906  6.477  5.237  4.819  5.581  5.218  5.833  4.972  5.239  5.332  5.558  6.983  8.011  7.017  6.299  8.246  8.714  8.219  7.660  8.671  8.685  9.231  8.475  9.017  9.148  9.401  9.793  9.440  9.281 10.389  9.102  8.257 10.222 10.988 10.174 10.009 10.629 10.048  9.782 10.099 10.483 10.727 10.418 10.908 10.941 11.415 11.604 11.367 12.107 11.920 11.923 12.410 10.751 11.356 10.704 10.278 11.393 11.647 11.122 10.661 11.307 11.450 11.671 11.935 12.026 12.118 12.173 11.265 11.199 11.329 11.301 12.280 12.844 12.548 12.144 13.516 13.882 13.530 13.428 14.432 14.686 14.689 14.704 13.014 12.923 12.863 13.019 14.266 14.189 15.041 
 9.569  9.251  9.579  9.553  8.199  8.160  7.551  7.834  6.677  6.758  6.740  5.934  6.629  4.776  4.463  4.320  5.030  3.098  3.223  3.605  3.871  3.729  4.131  2.161  2.628  2.651  1.090  1.770  1.773  0.000  4.830  4.989  5.544  5.990  5.428  6.362  7.223  7.431  8.001  7.332  7.245  8.265  6.530  7.222  6.358  7.258  5.484  4.908  5.720  6.719  5.183  5.502  4.690  5.423  6.161  6.554  6.679  7.375  6.598  7.243  5.975  6.234  5.310  4.988  5.804  6.698  5.273  4.759  5.889  6.442  5.195  4.772  5.545  5.152  5.768  4.906  5.154  5.251  5.466  6.992  8.013  7.054  6.346  8.298  8.757  8.298  7.742  8.759  8.772  9.321  8.560  9.109  9.245  9.487  9.878  9.519  9.328 10.435  9.144  8.299 10.258 11.027 10.221 10.049 10.667 10.124  9.867 10.182 10.564 10.801 10.499 11.001 11.039 11.514 11.698 11.452 12.205 12.029 12.035 12.522 10.764 11.375 10.693 10.263 11.359 11.620 11.062 10.606 11.244 11.363 11.575 11.852 11.943 12.041 12.086 11.162 11.095 11.219 11.196 12.239 12.793 12.513 12.119 13.474 13.830 13.482 13.390 14.376 14.632 14.628 14.645 12.954 12.861 12.798 12.956 14.240 14.175 15.015 
 7.400  7.053  7.405  7.389  5.958  5.916  5.394  5.787  4.609  5.099  4.826  3.327  3.518  2.500  2.999  1.549  2.138  2.576  2.741  3.821  4.248  4.379  4.183  3.238  3.686  3.064  4.378  4.770  4.748  4.830  0.000  1.237  1.354  2.510  2.913  2.816  3.691  4.444  4.182  3.693  4.205  4.451  2.485  2.814  3.097  3.975  3.292  3.060  4.473  5.267  5.150  5.582  4.945  6.055  6.931  7.032  7.934  8.707  8.154  9.059  7.430  7.885  6.355  5.999  4.672  5.832  3.916  2.977  4.721  5.731  4.725  4.323  4.881  5.664  6.193  5.713  6.300  6.621  6.784  4.923  6.088  4.159  3.221  4.958  5.655  4.433  3.875  4.713  4.900  5.497  4.854  5.196  5.342  5.709  6.189  5.836  5.988  7.047  5.971  5.237  7.206  7.783  7.227  7.185  7.708  7.104  6.781  7.158  7.730  8.056  7.628  8.367  8.443  9.049  9.258  8.914  9.908  9.746  9.778 10.363  8.120  8.852  8.307  7.812  9.379  9.717  9.402  8.921  9.642 10.029 10.219 10.611 10.708 10.857 10.870 10.129 10.156 10.282 10.207 10.313 10.951 10.557 10.091 11.604 12.055 11.789 11.644 12.795 13.051 13.106 13.098 11.446 11.381 11.330 11.534 12.195 12.012 12.969 
 7.181  6.836  7.185  7.169  5.772  5.695  5.288  5.700  4.572  5.083  4.645  3.580  3.982  2.798  2.994  2.397  3.189  3.280  3.538  4.569  4.919  5.106  4.986  3.486  3.783  3.127  4.563  4.929  4.920  4.989  1.237  0.000  2.257  3.621  4.041  3.977  4.599  5.380  5.065  4.268  4.731  4.922  2.818  2.947  2.930  3.519  3.170  3.262  4.082  4.877  4.952  5.508  4.826  5.806  6.660  6.770  7.650  8.412  7.885  8.787  7.187  7.660  6.117  5.782  3.911  5.000  2.972  2.112  3.594  4.634  3.693  3.405  3.845  4.736  5.212  4.871  5.512  5.914  6.055  3.714  4.878  3.005  2.092  3.948  4.613  3.704  3.244  4.104  4.309  4.910  4.203  4.880  5.162  5.494  6.112  5.557  5.032  6.123  5.061  4.337  6.370  6.981  6.561  6.563  7.096  6.525  6.185  6.608  7.260  7.592  7.218  7.933  7.991  8.678  8.926  8.573  9.619  9.403  9.418 10.063  7.200  7.958  7.316  6.802  8.362  8.734  8.375  7.935  8.576  9.025  9.205  9.666  9.786  9.925  9.946  9.138  9.156  9.310  9.236  9.275  9.942  9.489  9.009 10.538 11.006 10.708 10.563 11.727 11.995 12.046 12.032 10.366 10.308 10.260 10.457 11.151 10.986 11.938 
 8.255  7.938  8.261  8.245  6.926  6.863  6.420  6.773  5.709  6.211  5.958  4.343  4.228  3.676  4.270  2.518  2.635  3.344  3.135  4.493  4.962  4.983  4.747  4.148  4.711  3.932  5.138  5.482  5.455  5.544  1.354  2.257  0.000  1.460  2.101  2.114  2.391  3.188  2.984  2.392  2.967  3.213  1.467  2.075  2.532  3.553  2.922  2.632  4.332  4.945  5.043  5.336  4.919  6.058  6.894  6.889  7.982  8.729  8.302  9.244  7.613  8.129  6.481  6.166  4.907  6.061  4.469  3.586  5.498  6.439  5.770  5.404  5.999  6.725  7.202  6.692  7.477  7.821  7.978  5.644  6.802  4.774  3.835  5.428  6.266  4.778  4.221  4.867  5.315  5.889  5.390  5.515  5.525  6.062  6.469  6.279  6.212  7.252  6.028  5.290  7.100  7.647  6.908  6.814  7.311  6.750  6.489  6.798  7.288  7.622  7.140  7.906  8.005  8.559  8.751  8.411  9.390  9.258  9.312  9.863  8.105  8.795  8.414  7.973  9.543  9.828  9.655  9.139  9.976 10.305 10.514 10.820 10.889 11.058 11.064 10.467 10.531 10.630 10.540 10.508 11.107 10.818 10.384 11.890 12.314 12.162 12.037 13.187 13.438 13.500 13.504 11.851 11.781 11.745 11.954 12.449 12.258 13.204 
 8.835  8.532  8.843  8.827  7.554  7.521  7.024  7.332  6.326  6.779  6.669  4.859  4.515  4.304  5.024  3.009  2.633  3.624  3.212  4.456  4.943  4.874  4.563  4.711  5.312  4.667  5.611  5.932  5.897  5.990  2.510  3.621  1.460  0.000  1.090  1.090  1.528  2.173  2.159  2.393  2.938  3.216  2.386  2.988  3.626  4.692  3.894  3.354  5.327  5.877  5.796  5.937  5.606  6.787  7.597  7.571  8.658  9.386  8.951  9.868  8.249  8.710  7.163  6.819  6.130  7.283  5.804  4.915  6.889  7.810  7.076  6.636  7.303  7.965  8.477  7.888  8.606  8.889  9.055  7.083  8.239  6.200  5.264  6.767  7.596  5.962  5.378  5.975  6.363  6.898  6.483  6.330  6.211  6.751  6.984  7.027  7.511  8.497  7.313  6.602  8.295  8.792  7.969  7.843  8.303  7.740  7.507  7.757  8.152  8.470  7.954  8.701  8.809  9.263  9.407  9.090  9.975  9.903  9.970 10.443  9.342  9.995  9.698  9.273 10.829 11.085 10.944 10.399 11.292 11.564 11.780 12.021 12.067 12.244 12.243 11.713 11.787 11.857 11.768 11.798 12.364 12.131 11.713 13.190 13.596 13.472 13.347 14.481 14.721 14.786 14.796 13.161 13.086 13.046 13.262 13.726 13.522 14.464 
 9.356  9.051  9.365  9.346  8.049  8.017  7.476  7.775  6.718  7.116  7.054  5.244  5.004  4.533  5.180  3.124  2.795  3.272  2.663  3.997  4.530  4.345  4.102  4.342  5.004  4.393  5.079  5.379  5.339  5.428  2.913  4.041  2.101  1.090  0.000  1.784  2.150  2.344  2.930  2.988  3.194  3.905  3.086  3.871  4.036  5.201  3.957  3.204  5.291  5.906  5.483  5.546  5.240  6.397  7.202  7.219  8.215  8.952  8.462  9.362  7.751  8.187  6.717  6.389  6.199  7.358  5.946  5.065  7.107  7.977  7.207  6.722  7.492  7.988  8.541  7.838  8.566  8.821  8.998  7.509  8.695  6.757  5.796  7.480  8.302  6.785  6.175  6.842  7.221  7.766  7.283  7.230  7.122  7.637  7.864  7.884  8.244  9.282  7.976  7.197  8.945  9.507  8.571  8.395  8.892  8.352  8.139  8.364  8.721  9.031  8.516  9.225  9.328  9.746  9.878  9.585 10.408 10.347 10.416 10.854  9.921 10.549 10.236  9.823 11.301 11.531 11.352 10.791 11.707 11.912 12.145 12.339 12.378 12.548 12.557 12.002 12.063 12.127 12.041 12.286 12.834 12.646 12.242 13.711 14.094 13.972 13.861 14.976 15.219 15.269 15.290 13.615 13.529 13.489 13.700 14.295 14.116 15.039 
 8.323  8.019  8.331  8.317  7.055  7.061  6.510  6.798  5.849  6.283  6.262  4.384  3.887  4.042  4.864  2.923  2.237  3.736  3.502  4.350  4.777  4.782  4.367  4.974  5.487  5.027  5.966  6.299  6.266  6.362  2.816  3.977  2.114  1.090  1.784  0.000  2.148  2.787  2.328  3.187  3.855  3.807  3.133  3.454  4.487  5.468  4.849  4.337  6.276  6.856  6.761  6.936  6.516  7.729  8.556  8.556  9.575 10.305  9.811 10.692  9.082  9.474  8.035  7.646  6.956  8.116  6.487  5.564  7.439  8.415  7.490  7.020  7.627  8.378  8.905  8.369  8.897  9.129  9.298  7.534  8.659  6.588  5.681  7.035  7.783  6.083  5.502  6.109  6.303  6.811  6.444  6.094  5.953  6.391  6.523  6.685  7.875  8.795  7.824  7.181  8.861  9.293  8.609  8.536  8.960  8.340  8.067  8.348  8.752  9.059  8.547  9.303  9.413  9.850  9.977  9.652 10.530 10.480 10.547 11.005  9.950 10.626 10.302  9.846 11.458 11.744 11.572 11.039 11.888 12.202 12.399 12.683 12.737 12.911 12.900 12.350 12.418 12.486 12.408 12.402 12.985 12.689 12.250 13.720 14.148 13.972 13.824 14.960 15.191 15.266 15.261 13.679 13.613 13.561 13.781 14.220 13.988 14.953 
